    634 1
   2148 2
   2739 3
   3452 4
   3572 5
   4110 6
   4148 7
   4157 8
   4306 9
   4445 10
   4546 11
   4719 12
   4891 13
   5001 14
   5086 15
   5286 16
   5339 17
   5374 18
   5465 19
   5630 20
   5923 21
   6175 22
   6036 23
   6387 24
   6458 25
   6640 26
   6802 27
   6988 28
   7101 29
   7436 30
   7509 31
   8004 32
   8159 33
   8341 34
   8554 35
   8834 36
   9362 37
   9820 38
   9857 39
  10356 40
  11072 41
  11202 42
  11675 43
  12101 44
  12688 45
  12655 46
  13289 47
  13627 48
  14156 49
  14450 50
  15031 51
  15508 52
  15918 53
  16454 54
  16616 55
  17179 56
  17854 57
  18314 58
  18041 59
  18484 60
  18991 61
  19650 62
  20183 63
  20274 64
  20686 65
  20981 66
  21413 67
  22250 68
  22768 69
  22997 70
  23548 71
  24429 72
  24743 73
  25659 74
  26454 75
  27012 76
  28190 77
  28395 78
  29831 79
  30390 80
  31938 81
  32983 82
  34375 83
  36120 84
  38078 85
  40407 86
  42484 87
  44516 88
  47152 89
  50438 90
  53696 91
  57079 92
  61915 93
  66684 94
  72206 95
  77853 96
  84445 97
  91763 98
  99162 99
 107991 100
 117174 101
 127755 102
 137452 103
 148770 104
 161551 105
 174008 106
 187342 107
 200230 108
 212517 109
 227242 110
 240769 111
 254274 112
 267093 113
 278972 114
 289591 115
 299416 116
 308953 117
 316942 118
 323248 119
 328143 120
 331711 121
 334178 122
 334076 123
 332514 124
 329344 125
 325132 126
 320527 127
 312175 128
 304198 129
 293978 130
 284338 131
 273002 132
 260895 133
 248624 134
 236317 135
 224587 136
 210843 137
 198456 138
 186580 139
 174163 140
 162536 141
 151263 142
 140317 143
 129978 144
 120042 145
 110745 146
 102659 147
  93933 148
  87065 149
  79918 150
  72950 151
  67234 152
  61159 153
  56681 154
  51734 155
  47496 156
  43654 157
  40143 158
  36991 159
  34087 160
  31208 161
  28547 162
  26512 163
  24480 164
  22369 165
  21046 166
  19506 167
  18254 168
  17100 169
  15881 170
  15244 171
  13928 172
  13430 173
  12751 174
  11826 175
  11314 176
  10559 177
  10152 178
   9693 179
   9350 180
   9000 181
   8754 182
   8222 183
   8094 184
   7773 185
   7795 186
   7330 187
   7208 188
   7092 189
   6711 190
   6547 191
   6527 192
   6311 193
   6300 194
   6228 195
   5955 196
   5963 197
   5960 198
   5751 199
