     59 10
     76 11
     50 12
     92 13
     68 14
     62 15
     61 16
     52 17
     48 18
     31 19
     36 20
     24 21
     24 22
     13 23
     16 24
      5 25
     11 26
      2 27
      6 28
      4 29
      9 30
      7 31
      7 32
      7 33
     19 34
     27 35
     26 36
     26 37
     44 38
     33 39
     38 40
     35 41
     46 42
     34 43
     39 44
     54 45
     48 46
     52 47
     52 48
     41 49
     48 50
     60 51
     82 52
     87 53
     88 54
     78 55
     79 56
    100 57
    115 58
    111 59
    140 60
    103 61
    104 62
     91 63
    106 64
     89 65
     85 66
     92 67
     96 68
     74 69
     72 70
     70 71
     69 72
     73 73
     51 74
     51 75
     56 76
     59 77
     55 78
     50 79
     49 80
     61 81
     67 82
     66 83
     69 84
     62 85
     93 86
     87 87
     79 88
    100 89
    112 90
    133 91
    149 92
    220 93
    319 94
    392 95
    630 96
    829 97
   1213 98
   1749 99
   2324 100
   3220 101
   4154 102
   5550 103
   7358 104
   9441 105
  12019 106
  15231 107
  18629 108
  22683 109
  27646 110
  32747 111
  38553 112
  44963 113
  51276 114
  58835 115
  65918 116
  73320 117
  81145 118
  88423 119
  95587 120
 102632 121
 109402 122
 115524 123
 120738 124
 124955 125
 129483 126
 132400 127
 134404 128
 135916 129
 135395 130
 135669 131
 133853 132
 131328 133
 128841 134
 125230 135
 122029 136
 117126 137
 111680 138
 107398 139
 101225 140
  96121 141
  90963 142
  85519 143
  79533 144
  74507 145
  69090 146
  64652 147
  59228 148
  55500 149
  50906 150
  46699 151
  42904 152
  39240 153
  36212 154
  32746 155
  30079 156
  27401 157
  24933 158
  23003 159
  20845 160
  18867 161
  16963 162
  15617 163
  14244 164
  12941 165
  11884 166
  10850 167
   9993 168
   9377 169
   8254 170
   7791 171
   7049 172
   6501 173
   6031 174
   5509 175
   5141 176
   4768 177
   4331 178
   4199 179
   3831 180
   3752 181
   3534 182
   3212 183
   3165 184
   3013 185
   2949 186
   2834 187
   2627 188
   2649 189
   2431 190
   2303 191
   2270 192
   2229 193
   2126 194
   2237 195
   2066 196
   2092 197
   2029 198
   1999 199
