     42 10
     63 11
     39 12
     79 13
     63 14
     51 15
     49 16
     49 17
     47 18
     31 19
     31 20
     14 21
     12 22
      6 23
      7 24
      3 25
      2 26
      1 29
      4 30
      4 31
      3 32
      3 33
     12 34
     19 35
     14 36
     16 37
     27 38
     24 39
     22 40
     22 41
     29 42
     16 43
     30 44
     34 45
     35 46
     37 47
     37 48
     28 49
     31 50
     38 51
     55 52
     62 53
     55 54
     46 55
     56 56
     64 57
     86 58
     81 59
     99 60
     74 61
     76 62
     69 63
     73 64
     66 65
     61 66
     70 67
     70 68
     54 69
     56 70
     52 71
     47 72
     56 73
     40 74
     36 75
     34 76
     37 77
     32 78
     34 79
     31 80
     46 81
     47 82
     44 83
     43 84
     42 85
     70 86
     63 87
     54 88
     67 89
     66 90
     64 91
     54 92
     60 93
     67 94
     65 95
     79 96
     86 97
     70 98
     67 99
     62 100
     76 101
     72 102
     74 103
     69 104
     64 105
     69 106
     71 107
     85 108
    105 109
    118 110
    110 111
    132 112
    153 113
    211 114
    218 115
    314 116
    327 117
    413 118
    485 119
    555 120
    619 121
    677 122
    859 123
    978 124
   1087 125
   1148 126
   1280 127
   1473 128
   1578 129
   1750 130
   1870 131
   1943 132
   2099 133
   2277 134
   2305 135
   2459 136
   2575 137
   2683 138
   2722 139
   2819 140
   2903 141
   3003 142
   2956 143
   2926 144
   2937 145
   2961 146
   2903 147
   2824 148
   2953 149
   2941 150
   2823 151
   2870 152
   2707 153
   2708 154
   2634 155
   2551 156
   2481 157
   2401 158
   2334 159
   2315 160
   2193 161
   2103 162
   2051 163
   1945 164
   1852 165
   1828 166
   1764 167
   1706 168
   1648 169
   1527 170
   1478 171
   1401 172
   1373 173
   1294 174
   1256 175
   1239 176
   1193 177
   1082 178
   1063 179
   1026 180
    991 181
   1013 182
    933 183
    932 184
    947 185
    898 186
    895 187
    821 188
    893 189
    840 190
    803 191
    744 192
    829 193
    790 194
    831 195
    817 196
    832 197
    830 198
    822 199
